0
1921
5065
0
1921
-2136395943460
-2972270420018
0
-2972270418296
0
0
0
0
150
0
0
0
0
0
0
495
-28
1252904687896
0
417030211358
0
0
0
73
417030211558
417030211422
0
0
0
0
0
1
105
0
0
1
1
0
0
0
0
0
0
0
1
0
0
0
0
0
0
2
0
1
0
1
0
0
1
0
1
0
0
0
2
2
1
0
1
0
1
595
0
594
0
1
0
0
0
0
0
0
3006
0
0
0
0
0
0
0
4643
0
0
0
0
0
0
276
1
0
0
0
0
0
0
1
15
0
0
1
1
0
0
0
0
0
0
0
1
0
0
0
0
0
0
2
1
1
0
1
0
0
1
0
1
0
0
0
1
1
0
1
1
0
0
1
0
1
1053
1061
0
2074
0
0
0
0
200
0
0
0
0
0
0
-9752
-3
2034
0
1946
0
0
0
2096
1061
2074
0
0
0
0
0
1
0
0
0
130
1057
2075
0
0
0
0
0
0
909
0
0
0
0
0
0
2
0
1
0
0
0
0
1
0
0
0
0
0
2
1
1
0
1
0
0
0
0
0
0
8
-1762339719094
-1762339719094
0
0
0
0
0
0
0
0
0
0
0
0
0
0
0
0
0
0
0
0
0
0
0
0
0
0
0
0
0
0
0
1634
1058558277092
1925030673631
0
0
6
2
4
3
0
0
7
2
-5615
-824
1058558277092
1925030673631
0
0
0
0
0
0
0
0
0
0
0
0
0
0
0
10
-2274
0
0
0
-1318694885852
0
0
0
0
0
0
1
0
0
0
0
0
0
0
0
0
0
0
0
0
4
6
2
3
4
1
1
0
10
7
12
8
7
9
5
5
0
0
1
1453
1634
0
1058558277092
0
-2465
1925030673631
0
0
0
0
0
-219
0
-2544
0
0
0
0
0
0
-1769275465171
0
0
0
0
0
0
0
0
0
0
0
0
0
0
0
0
0
3156
1
2
0
1
1
2
0
1
0
0
0
0
4
0
0
0
0
0
0
9996
-1
0
0
0
0
0
0
2
2
1
0
0
0
0
0
1
211
0
0
1
1
0
0
0
0
0
0
0
956
0
0
0
0
0
0
2
1
1
0
0
0
0
1
0
1
0
0
0
1
0
0
1
1
-802117542993
0
0
0
0
0
8
492973124535
-492973124534
0
0
0
0
0
0
0
0
0
0
0
0
0
0
0
0
0
0
0
0
0
0
0
0
0
0
0
0
0
0
0
1634
1058558277092
1925030673631
0
0
6
2
4
3
0
0
7
2
-5615
-824
1058558277092
1925030673631
0
0
0
0
0
0
0
0
0
0
0
0
0
0
0
10
-2274
0
0
0
-1318694885852
0
0
0
0
0
0
1
0
0
0
0
0
0
0
0
0
0
0
0
0
4
6
2
3
4
1
1
0
10
7
12
8
7
9
5
5
0
0
1
1453
1634
0
1058558277092
0
-2465
1925030673631
0
0
0
0
0
-219
0
-2544
0
0
0
0
0
0
-1769275465171
0
0
0
0
0
0
0
0
0
0
0
0
0
0
0
0
0
0
1
1
0
1
1965
1860
0
1827
0
0
0
0
2
0
0
0
0
0
0
0
18262
0
0
0
0
0
0
1966
0
0
0
0
0
0
0
1
-1117078563388
0
0
126
1
0
0
0
0
0
0
0
90
0
0
0
0
0
0
2
1
0
0
1
0
0
0
0
0
0
0
0
1
1
0
1
0
2634
0
0
0
0
0
8
504726281547
504726281546
0
0
0
0
0
0
0
0
0
0
0
0
0
0
0
0
0
0
0
0
0
0
0
0
0
0
0
0
0
0
0
1634
1058558277092
1925030673631
0
0
6
2
4
3
0
0
7
2
-5615
-824
1058558277092
1925030673631
0
0
0
0
0
0
0
0
0
0
0
0
0
0
0
10
-2274
0
0
0
-1318694885852
0
0
0
0
0
0
1
0
0
0
0
0
0
0
0
0
0
0
0
0
4
6
2
3
4
1
1
0
10
7
12
8
7
9
5
5
0
0
1
1453
1634
0
1058558277092
0
-2465
1925030673631
0
0
0
0
0
-219
0
-2544
0
0
0
0
0
0
-1769275465171
0
0
0
0
0
0
0
0
0
0
0
0
0
0
0
0
0
0
-451387230403
1
0
-451387230403
-1
-4753
0
0
0
0
0
0
4784
0
0
0
0
0
0
0
3
-1
0
0
0
0
0
1
-4754
0
0
0
0
0
0
1
1739473599105
0
0
2292
1
0
0
0
0
0
0
0
1
0
0
0
0
0
0
649
1
1
0
0
0
0
1
0
1
0
0
0
0
1
1
1
1
5
0
0
0
0
0
6
504726281547
504726281546
0
0
0
0
0
0
0
0
0
0
0
0
0
0
0
0
0
0
0
0
0
0
0
0
0
0
0
0
0
0
0
1634
1058558277092
1925030673631
0
0
6
2
4
3
0
0
7
2
-5615
-824
1058558277092
1925030673631
0
0
0
0
0
0
0
0
0
0
0
0
0
0
0
10
-2274
0
0
0
-1318694885852
0
0
0
0
0
0
1
0
0
0
0
0
0
0
0
0
0
0
0
0
4
6
2
3
4
1
1
0
10
7
12
8
7
9
5
5
0
0
1
1453
1634
0
1058558277092
0
-2465
1925030673631
0
0
0
0
0
-219
0
-2544
0
0
0
0
0
0
-1769275465171
0
0
0
0
0
0
0
0
0
0
0
0
0
0
0
0
0
0
252
3239
0
252
6
798
0
1
0
0
0
0
1314588094107
0
0
0
0
0
0
0
-1
554
0
3389300622730
0
0
0
1364
3389300623698
3389300622794
0
0
0
0
0
1
106123576570
0
0
1034
1
0
0
0
0
0
0
0
1
0
0
0
0
0
0
6
1
0
0
0
0
0
1
0
1
0
0
0
1
1
1
0
0
-1
0
-1
-1
60
0
0
0
0
0
6
138185656831
138185656830
0
0
0
0
0
0
0
0
0
0
0
0
0
0
0
0
0
0
0
0
0
0
0
0
0
0
0
0
0
0
0
1634
1058558277092
1925030673631
0
0
6
2
4
3
0
0
7
2
-5615
-824
1058558277092
1925030673631
0
0
0
0
0
0
0
0
0
0
0
0
0
0
0
10
-2274
0
0
0
-1318694885852
0
0
0
0
0
0
1
0
0
0
0
0
0
0
0
0
0
0
0
0
4
6
2
3
4
1
1
0
10
7
12
8
7
9
5
5
0
0
1
1453
1634
0
1058558277092
0
-2465
1925030673631
0
0
0
0
0
-219
0
-2544
0
0
0
0
0
0
-1769275465171
0
0
0
0
0
0
0
0
0
0
0
0
0
0
0
0
0
0
1
0
0
0
1455
831
0
7
0
0
0
0
728
0
0
0
0
0
0
0
-1318694887003
1753
0
8
0
0
0
728
831
7
0
0
0
0
0
1
0
0
0
1
728
6
0
0
0
0
0
0
981
0
0
0
0
0
0
1
0
1
0
0
0
0
0
0
0
0
0
0
1
1
1
0
1
0
-1
0
-1
-1
1762339737942
0
0
0
0
0
6
-138185656828
138185656830
0
0
0
0
0
0
0
0
0
0
0
0
0
0
0
0
0
0
0
0
0
0
0
0
0
0
0
0
0
0
0
1634
1058558277092
1925030673631
0
0
6
2
4
3
0
0
4
1
1
-824
1058558277092
1925030673631
0
0
0
0
0
0
0
0
0
0
0
0
0
0
0
10
-2274
0
0
0
-1318694885852
0
0
0
0
0
0
1
0
0
0
0
0
0
0
0
0
0
0
0
0
4
6
2
3
4
1
1
0
10
7
12
8
7
9
5
5
0
0
1
1453
1634
0
1058558277092
0
-2465
1925030673631
0
0
0
0
0
-219
0
-2544
0
0
0
0
0
0
-1769275465171
0
0
0
0
0
0
0
0
0
0
0
0
0
0
0
0
0
0
1
2
0
1
1
2
0
1
0
0
0
0
1178576682929
0
0
0
0
0
0
0
-1
0
0
0
0
0
0
-1470646983279
2
1
0
0
0
0
0
1
211
0
0
1
1
0
0
0
0
0
0
0
956
0
0
0
0
0
0
1
1
0
0
1
0
0
0
0
0
0
0
0
1
2
1
1
0
0
-1
0
-1
-1
-802117542993
0
0
0
0
0
6
-138185656828
138185656830
0
0
0
0
0
0
0
0
0
0
0
0
0
0
0
0
0
0
0
0
0
0
0
0
0
0
0
0
0
0
0
1634
1058558277092
1925030673631
0
0
6
2
4
3
0
0
4
1
1
-824
1058558277092
1925030673631
0
0
0
0
0
0
0
0
0
0
0
0
0
0
0
10
-2274
0
0
0
-1318694885852
0
0
0
0
0
0
1
0
0
0
0
0
0
0
0
0
0
0
0
0
4
6
2
3
4
1
1
0
10
7
12
8
7
9
5
5
0
0
1
1453
1634
0
1058558277092
0
-2465
1925030673631
0
0
0
0
0
-219
0
-2544
0
0
0
0
0
0
-1769275465171
0
0
0
0
0
0
0
0
0
0
0
0
0
0
0
0
0
0
1
-451387230404
0
1
1965
1860
0
1827
0
0
0
0
2210
0
0
0
0
0
0
0
-1115977417488
0
0
0
0
0
0
1966
0
0
0
0
0
0
0
1
-1117078563388
0
0
126
1
0
0
0
0
0
0
0
90
0
0
0
0
0
0
6
2
0
0
1
0
0
1
0
1
0
0
0
0
1
1
1
1
